3
1 1 1 1 
2 0 0 0 
3 250 223 0
17 17
1 1 1 2 2 2 2 2 2 2 2 2 2 2 1 1 1
1 1 1 2 3 3 3 3 3 3 3 3 3 2 1 1 1
2 2 2 2 3 3 3 3 3 3 3 3 3 2 2 2 2
2 1 1 2 3 3 3 3 3 3 3 3 3 2 1 1 2
2 1 1 2 3 3 3 3 3 3 3 3 3 2 1 1 2
2 2 1 2 3 3 3 3 3 3 3 3 3 2 1 2 2
1 2 2 2 3 3 3 3 3 3 3 3 3 2 2 2 1 
1 1 1 2 3 3 3 3 3 3 3 3 3 2 1 1 1 
1 1 1 2 2 3 3 3 3 3 3 3 2 2 1 1 1 
1 1 1 1 2 2 3 3 3 3 3 2 2 1 1 1 1 
1 1 1 1 1 2 2 3 3 3 2 2 1 1 1 1 1 
1 1 1 1 1 1 1 2 3 2 1 1 1 1 1 1 1 
1 1 1 1 1 1 1 2 3 2 1 1 1 1 1 1 1 
1 1 1 1 1 1 1 2 3 2 1 1 1 1 1 1 1 
1 1 1 1 1 1 2 2 3 2 2 1 1 1 1 1 1 
1 1 1 1 1 2 3 3 3 3 3 2 1 1 1 1 1 
1 1 1 1 1 2 2 2 2 2 2 2 1 1 1 1 1 



