2
1 0 0 0 255
2 252 100 100 255
20 13
1 1 1 1 1 1 1 1 1 1 1 1 1 1 1 1 1 1 1 1
1 2 2 1 1 2 2 1 1 2 2 1 1 2 2 1 1 2 2 1
1 2 2 1 1 2 2 1 1 2 2 1 1 2 2 1 1 2 2 1
1 1 1 1 1 1 1 1 1 1 1 1 1 1 1 1 1 1 1 1
1 1 1 1 1 1 1 1 1 1 1 1 1 1 1 1 1 1 1 1
1 2 2 1 1 1 2 2 1 1 2 2 1 1 2 2 1 1 2 2
1 2 2 1 1 1 2 2 1 1 2 2 1 1 2 2 1 1 2 2
1 1 1 1 1 1 1 1 1 1 1 1 1 1 1 1 1 1 1 1
1 1 1 1 1 1 1 1 1 1 1 1 1 1 1 1 1 1 1 1
1 1 1 1 1 1 1 1 1 1 1 1 1 1 1 1 1 1 1 1
1 2 2 1 1 1 2 2 1 1 2 2 1 1 2 2 1 1 2 2
1 2 2 1 1 1 2 2 1 1 2 2 1 1 2 2 1 1 2 2
1 1 1 1 1 1 1 1 1 1 1 1 1 1 1 1 1 1 1 1