3
1 255 255 255 0
2 0 0 0 255
3 250 223 0 255
17 17
1 1 1 2 2 2 2 2 2 2 2 2 2 2 1 1 1
1 1 1 2 3 3 3 3 3 3 3 3 3 2 1 1 1
2 2 2 2 3 3 3 3 3 3 3 3 3 2 2 2 2
2 1 1 2 3 3 3 3 3 3 3 3 3 2 1 1 2
2 1 1 2 3 3 3 3 3 3 3 3 3 2 1 1 2
2 2 1 2 3 3 3 3 3 3 3 3 3 2 1 2 2
1 2 2 2 3 3 3 3 3 3 3 3 3 2 2 2 1
1 1 1 2 3 3 3 3 3 3 3 3 3 2 1 1 1
1 1 1 2 2 3 3 3 3 3 3 3 2 2 1 1 1
1 1 1 1 2 2 3 3 3 3 3 2 2 1 1 1 1
1 1 1 1 1 2 2 3 3 3 2 2 1 1 1 1 1
1 1 1 1 1 1 1 2 3 2 1 1 1 1 1 1 1
1 1 1 1 1 1 1 2 3 2 1 1 1 1 1 1 1
1 1 1 1 1 1 1 2 3 2 1 1 1 1 1 1 1
1 1 1 1 1 1 2 2 3 2 2 1 1 1 1 1 1
1 1 1 1 1 2 3 3 3 3 3 2 1 1 1 1 1
1 1 1 1 1 2 2 2 2 2 2 2 1 1 1 1 1